[gd_scene load_steps=3 format=2]

[ext_resource path="res://gun_barrel.tres" type="Material" id=1]
[ext_resource path="res://gun_body.tres" type="Material" id=2]

[node name="GunMesh" type="Spatial"]

[node name="Spatial" type="Spatial" parent="."]
transform = Transform( 1, 0, 0, 0, -4.37114e-008, -1, 0, 1, -4.37114e-008, 1.2, 0, 2.8 )

[node name="RightBarrel" type="CSGCylinder" parent="Spatial"]
transform = Transform( 0.92388, 0, 0.382683, 0, 1, 0, -0.382683, 0, 0.92388, 0, 0, 0 )
layers = 2
radius = 1.3
height = 5.6
material = ExtResource( 1 )

[node name="Spatial2" type="Spatial" parent="."]
transform = Transform( 1, 0, 0, 0, -4.37114e-008, -1, 0, 1, -4.37114e-008, -1.2, 0, 2.8 )

[node name="LeftBarrel" type="CSGCylinder" parent="Spatial2"]
transform = Transform( 0.92388, 0, 0.382683, 0, 1, 0, -0.382683, 0, 0.92388, 0, 0, 0 )
layers = 2
radius = 1.3
height = 5.6
material = ExtResource( 1 )

[node name="Spatial3" type="Spatial" parent="."]
transform = Transform( 1, 0, 0, 0, -4.37114e-008, -1, 0, 1, -4.37114e-008, -1.2, -0.55, 5.525 )

[node name="LeftCap" type="CSGSphere" parent="Spatial3"]
transform = Transform( 0.92388, 0, 0.382683, 0, 1, 0, -0.382683, 0, 0.92388, 0, 0, 0 )
layers = 2
radius = 1.7
radial_segments = 8
rings = 8
material = ExtResource( 2 )

[node name="Spatial5" type="Spatial" parent="."]
transform = Transform( 1, 0, 0, 0, -4.37114e-008, -1, 0, 1, -4.37114e-008, 1.2, -0.55, 5.525 )

[node name="RightCap" type="CSGSphere" parent="Spatial5"]
transform = Transform( 0.92388, 0, 0.382683, 0, 1, 0, -0.382683, 0, 0.92388, 0, 0, 0 )
layers = 2
radius = 1.7
radial_segments = 8
rings = 8
material = ExtResource( 2 )

[node name="Spatial4" type="Spatial" parent="."]
transform = Transform( 1, 0, 0, 0, -4.37114e-008, -1, 0, 1, -4.37114e-008, -1.2, -0.55, 3.275 )

[node name="LeftBody" type="CSGCylinder" parent="Spatial4"]
editor/display_folded = true
transform = Transform( 0.92388, 0, 0.382683, 0, 1, 0, -0.382683, 0, 0.92388, 0, 0, 0 )
layers = 2
radius = 1.7
height = 4.5
material = ExtResource( 2 )

[node name="CSGBox" type="CSGBox" parent="Spatial4/LeftBody"]
transform = Transform( 1, 0, 0, 0, 1, 0, 0, 0, 1, 1.2, 0.2, -1 )
operation = 2
height = 5.4
depth = 1.0

[node name="Spatial6" type="Spatial" parent="."]
transform = Transform( 1, 0, 0, 0, -4.37114e-008, -1, 0, 1, -4.37114e-008, 1.2, -0.55, 3.275 )

[node name="RightBody" type="CSGCylinder" parent="Spatial6"]
editor/display_folded = true
transform = Transform( 0.92388, 0, 0.382683, 0, 1, 0, -0.382683, 0, 0.92388, 0, 0, 0 )
layers = 2
radius = 1.7
height = 4.5
material = ExtResource( 2 )

[node name="CSGBox2" type="CSGBox" parent="Spatial6/RightBody"]
transform = Transform( 1, 0, 0, 0, 1, 0, 0, 0, 1, -1.2, 0.2, -1 )
operation = 2
height = 5.4
depth = 1.0

[node name="Handle" type="CSGCylinder" parent="."]
transform = Transform( 0.7, 0, 0, 0, -4.37114e-008, -0.7, 0, 1, -3.0598e-008, 0, -0.55, 8.025 )
layers = 2
radius = 1.7
height = 4.5
material = ExtResource( 2 )

[node name="HandleCap" type="CSGSphere" parent="."]
transform = Transform( 0.7, 0, 0, 0, -4.47035e-008, -0.7, 0, 1, -2.98023e-008, 0, -0.55, 10.275 )
layers = 2
radius = 1.7
radial_segments = 8
rings = 12
material = ExtResource( 2 )
